2
42
468 335 1 170 225 479 359 463 465 206 146 282 328 462 492 496 443 328 437 392 105 403 154 293 383 422 217 219 396 448 227 272 39 370 413 168 300 36 395 204 312 323
789
1571 1914 1440 1790 1942 1394 1675 1763 1246 1934 1183 1346 1749 1373 1678 1672 1956 1796 1508 1385 1896 1607 1113 1940 1241 1672 1343 1312 1213 1141 1610 1383 1029 1758 1894 1570 1062 1452 1989 1254 1099 1856 1456 1797 1465 1363 1437 1879 1107 1241 1955 1931 1559 1588 1626 1929 1168 1902 1254 1490 1078 1471 1766 1618 1539 1896 1959 1476 1998 1558 1687 1558 1766 1716 1543 1471 1751 1066 1856 1855 1417 1370 1105 1502 1594 1965 1343 1824 1960 1249 1071 1702 1404 1550 1568 1672 1523 1249 1461 1691 1015 1416 1993 1037 1285 1904 1619 1265 1272 1451 1916 1303 1574 1774 1679 1434 1489 1234 1505 1025 1913 1856 1177 1078 1464 1523 1473 1067 1703 1777 1245 1167 1359 1778 1468 1363 1370 1620 1885 1305 1138 1838 1316 1167 1634 1012 1653 1224 1949 1243 1295 1940 1083 1909 1053 1442 1979 1654 1809 1475 1701 1176 1418 1944 1423 1284 1848 1286 1027 1498 1565 1881 1911 1971 1318 1471 1485 1381 1026 1527 1124 1423 1770 1362 1431 1558 1666 1544 1348 1631 1615 1270 1135 1877 1642 1831 1120 1229 1276 1800 1330 1209 1138 1440 1134 1410 1899 1784 1311 1217 1822 1232 1383 1863 1626 1090 1211 1692 1009 1066 1258 1421 1268 1214 1060 1049 1301 1491 1040 1495 1305 1513 1486 1624 1108 1663 1566 1602 1906 1985 1665 1288 1859 1849 1311 1004 1734 1469 1744 1934 1401 1384 1775 1418 1088 1074 1523 1365 1108 1820 1760 1312 1590 1807 1231 1888 1540 1085 1649 1116 1595 1035 1929 1633 1439 1356 1706 1172 1606 1689 1254 1182 1347 1264 1482 1364 1266 1931 1246 1231 1263 1875 1769 1568 1964 1380 1204 1113 1218 1010 1806 1873 1864 1132 1088 1566 1426 1889 1818 1279 1628 1952 1262 1066 1679 1940 1642 1892 1402 1944 1940 1791 1989 1871 1842 1737 1666 1239 1343 1683 1486 1831 1677 1910 1014 1862 1191 1061 1173 1278 1341 1127 1125 1538 1350 1419 1484 1571 1505 1218 1737 1281 1989 1695 1071 1720 1666 1178 1577 1169 1647 1949 1710 1171 1582 1926 1224 1049 1884 1671 1591 1517 1493 1866 1300 1037 1472 1881 1410 1246 1998 1677 1687 1727 1073 1325 1012 1031 1611 1370 1217 1032 1484 1000 1517 1350 1361 1664 1612 1595 1113 1380 1850 1061 1865 1538 1222 1587 1410 1292 1595 1444 1801 1495 1771 1072 1936 1803 1645 1339 1332 1378 1513 1007 1823 1965 1553 1080 1998 1291 1402 1718 1493 1443 1139 1991 1337 1765 1910 1868 1550 1460 1428 1109 1274 1014 1686 1190 1226 1519 1521 1572 1397 1690 1034 1811 1926 1170 1490 1002 1461 1560 1995 1178 1863 1854 1908 1386 1701 1595 1786 1638 1803 1768 1864 1881 1994 1163 1535 1961 1352 1833 1753 1890 1590 1842 1523 1942 1426 1911 1562 1451 1702 1879 1663 1045 1505 1339 1397 1950 1733 1894 1842 1435 1984 1497 1109 1793 1751 1526 1295 1648 1856 1075 1477 1310 1911 1793 1061 1743 1019 1294 1950 1228 1121 1472 1389 1937 1226 1131 1638 1084 1657 1413 1319 1106 1207 1503 1163 1340 1554 1270 1118 1755 1579 1612 1316 1383 1808 1089 1439 1102 1002 1621 1937 1219 1799 1218 1958 1781 1666 1198 1149 1882 1913 1255 1793 1580 1183 1306 1283 1410 1859 1221 1027 1098 1266 1011 1223 1982 1481 1928 1322 1452 1501 1702 1520 1850 1334 1351 1633 1050 1601 1476 1013 1602 1925 1413 1015 1328 1224 1002 1981 1356 1571 1017 1222 1574 1651 1881 1869 1745 1042 1327 1782 1536 1245 1079 1494 1633 1239 1453 1551 1063 1335 1708 1028 1660 1261 1463 1842 1830 1170 1582 1096 1457 1112 1955 1009 1390 1144 1030 1487 1171 1587 1190 1530 1642 1491 1033 1209 1078 1011 1533 1488 1612 1772 1071 1554 1471 1545 1173 1841 1950 1533 1383 1189 1617 1052 1683 1401 1762 1447 1770 1796 1753 1428 1308 1918 1139 1166 1115 1969 1091 1592 1879 1859 1641 1184 1477 1745 1307 1778 1822 1453 1793 1353 1637 1611 1509 1709 1969 1753 1755 1330 1684 1845 1845 1558 1059 1475 1402 1725 1079 1407 1504 1144 1739 1024 1567 1907 1646 1238 1904 1710 1883 1758 1310 1503 1152 1739 1660 1085 1469 1591 1208 1696 1021 1402 1798 1487 1473 1833 1655 1226 1715 1179 1843 1810 1640 1680 1421 1109 1962 1700 1159 1310 1181 1707 1462 1453 1168 1740 1830 1163 1422 1619 1273 1745 1374 1026 1356 1873 1167 1567 1435 1324 1016 1660 1566 1877 1303 1235 1475 1791 1849 1584 1199 1227



38 22 0 6 10 34 19 31 31 7 3 10 14 26 26 26 24 14 22 16 2 17 2 8 12 15 4 4 11 12 4 4 1 6 7 1 2 0 3 0 0 0

458 729 339 622 746 301 540 601 190 733 141 263 586 283 538 533 746 618 403 293 697 478 92 725 183 528 258 237 154 110 472 282 29 577 683 441 50 331 741 187 79 641 333 599 340 266 318 657 82 177 712 694 420 443 470 689 118 668 183 363 62 336 562 459 400 659 699 346 718 409 508 409 556 528 400 336 542 51 613 612 295 263 78 366 432 686 244 584 680 178 54 506 281 392 407 483 376 177 319 492 16 286 682 34 197 626 434 182 187 305 634 204 400 530 472 294 339 165 352 22 623 577 121 57 309 358 316 50 478 518 166 106 239 515 305 241 243 413 589 198 93 544 207 105 417 11 430 145 614 160 188 606 59 587 40 279 621 424 518 299 452 112 260 599 265 179 533 179 23 317 354 555 573 604 197 287 300 233 21 329 81 258 474 223 261 340 413 333 213 384 377 167 86 532 389 497 79 144 167 478 196 123 85 256 84 236 534 461 183 124 479 142 217 502 366 62 121 405 6 43 147 234 153 119 38 33 163 273 30 276 163 284 265 348 62 369 308 335 504 542 369 155 472 466 167 4 399 246 404 509 209 203 420 219 53 44 279 193 59 436 406 163 312 428 127 474 284 50 343 65 312 27 485 326 219 182 366 88 313 356 131 94 173 134 238 180 134 471 128 122 131 441 383 281 481 179 102 61 105 6 396 431 424 67 49 270 195 436 395 130 300 460 124 37 325 449 305 430 179 448 446 373 460 416 395 347 317 117 157 321 221 385 317 422 10 399 93 32 81 122 151 61 60 243 149 177 209 253 224 95 326 119 431 308 35 319 297 79 251 73 284 409 310 75 251 399 97 28 385 290 254 219 207 369 118 25 190 372 162 105 407 282 286 299 35 126 8 20 250 141 85 20 189 0 204 131 136 267 243 237 48 137 334 26 340 209 84 227 147 104 229 158 306 186 291 29 352 303 243 123 119 130 189 3 302 354 201 32 360 100 135 259 176 149 48 351 117 272 326 311 192 154 142 40 96 7 237 68 80 174 175 193 125 231 18 275 314 57 161 0 144 181 326 59 287 283 300 118 225 193 254 204 261 247 279 284 312 50 171 303 110 262 237 282 187 262 165 290 128 281 174 133 215 270 208 18 159 106 116 279 217 268 251 126 284 151 36 234 221 156 88 192 249 24 140 91 257 227 21 210 9 84 258 73 37 129 105 252 69 37 175 25 180 108 86 31 57 133 41 90 141 73 34 194 146 155 80 92 204 26 103 29 0 152 226 55 197 54 225 189 162 50 34 211 214 62 187 135 45 66 64 87 197 51 11 26 59 2 49 209 101 201 63 86 104 149 107 184 67 68 129 14 122 94 3 120 186 76 3 62 46 0 186 63 107 3 43 105 120 170 166 138 9 56 146 95 47 14 86 108 45 69 91 11 53 118 6 108 43 69 141 137 28 90 15 65 16 148 0 51 17 5 67 23 82 28 71 89 67 5 29 8 0 66 62 76 106 6 66 55 64 19 110 122 62 40 22 68 4 76 38 92 45 91 94 87 43 30 107 10 14 9 105 7 57 98 95 61 16 45 75 24 78 82 37 78 28 54 52 45 62 87 69 69 27 57 74 74 44 4 38 28 58 4 28 38 6 54 2 37 67 42 17 64 48 62 52 19 33 5 46 39 3 27 33 11 37 1 19 41 26 24 41 30 10 33 7 37 35 27 28 17 2 35 26 2 11 5 23 16 15 4 20 22 2 11 16 6 16 9 1 7 15 1 9 6 5 0 7 5 8 3 2 2 3 3 2 0 0

