-94 -88 -40 71 
-94 -88 -33 64 
-94 -88 -14 45 
-94 -88 -12 43 
-94 -88 -5 36 
-94 -88 -4 35 
-94 -88 15 16 
-94 -84 -70 97 
-94 -84 -8 35 
-94 -84 -4 31 
-94 -77 -75 95 
-94 -77 -45 65 
-94 -77 -41 61 
-94 -77 -28 48 
-94 -77 -6 26 
-94 -77 4 16 
-94 -75 -55 73 
-94 -75 -43 61 
-94 -75 -39 57 
-94 -75 -12 30 
-94 -75 -8 26 
-94 -75 2 16 
-94 -70 -65 78 
-94 -70 -52 65 
-94 -70 -43 56 
-94 -70 -39 52 
-94 -70 -35 48 
-94 -69 -65 77 
-94 -69 -52 64 
-94 -69 -45 57 
-94 -69 -40 52 
-94 -69 -33 45 
-94 -69 -24 36 
-94 -69 -14 26 
-94 -69 -4 16 
-94 -69 2 10 
-94 -65 -41 49 
-94 -65 -40 48 
-94 -65 -35 43 
-94 -65 -28 36 
-94 -65 -8 16 
-94 -65 4 4 
-94 -62 -52 57 
-94 -62 -43 48 
-94 -62 -40 45 
-94 -62 -33 38 
-94 -62 -5 10 
-88 -84 -77 98 
-88 -84 -70 91 
-88 -84 -52 73 
-88 -84 -43 64 
-88 -84 -40 61 
-88 -84 -35 56 
-88 -84 -28 49 
-88 -84 -24 45 
-88 -84 -14 35 
-88 -84 -5 26 
-88 -77 -70 84 
-88 -77 -43 57 
-88 -77 -35 49 
-88 -77 -24 38 
-88 -77 -12 26 
-88 -77 4 10 
-88 -75 -65 77 
-88 -75 -52 64 
-88 -75 -45 57 
-88 -75 -40 52 
-88 -75 -33 45 
-88 -75 -24 36 
-88 -75 -14 26 
-88 -75 -4 16 
-88 -75 2 10 
-88 -70 -45 52 
-88 -70 -41 48 
-88 -70 -28 35 
-88 -70 -24 31 
-88 -70 -8 15 
-88 -69 -65 71 
-88 -69 -55 61 
-88 -69 -43 49 
-88 -69 -39 45 
-88 -69 -24 30 
-88 -69 -4 10 
-88 -69 2 4 
-88 -65 -62 64 
-88 -65 -55 57 
-88 -65 -43 45 
-88 -65 -41 43 
-88 -65 -33 35 
-88 -65 -28 30 
-88 -65 -24 26 
-88 -65 -14 16 
-88 -65 -8 10 
-84 -77 -55 65 
-84 -77 -39 49 
-84 -77 -35 45 
-84 -77 -33 43 
-84 -77 -28 38 
-84 -77 -6 16 
-84 -77 -5 15 
-84 -75 -70 78 
-84 -75 -69 77 
-84 -75 -65 73 
-84 -75 -41 49 
-84 -75 -40 48 
-84 -75 -35 43 
-84 -75 -28 36 
-84 -75 -8 16 
-84 -75 4 4 
-84 -70 -62 65 
-84 -70 -45 48 
-84 -70 -40 43 
-84 -70 -35 38 
-84 -70 -33 36 
-84 -70 -28 31 
-84 -70 -12 15 
-84 -69 -69 71 
-84 -69 -62 64 
-84 -69 -55 57 
-84 -69 -43 45 
-84 -69 -41 43 
-84 -69 -33 35 
-84 -69 -28 30 
-84 -69 -24 26 
-84 -69 -14 16 
-84 -69 -8 10 
-77 -75 -70 71 
-77 -75 -55 56 
-77 -75 -35 36 
-77 -75 -14 15 
