-94 -88 -40 71 
-94 -88 -33 64 
-94 -88 -14 45 
-94 -88 -12 43 
-94 -88 -5 36 
-94 -88 -4 35 
-94 -88 15 16 
-94 -84 -70 97 
-94 -84 -8 35 
-94 -84 -4 31 
-94 -77 -75 95 
-94 -77 -45 65 
-94 -77 -41 61 
-94 -77 -28 48 
-94 -77 -6 26 
-94 -77 4 16 
-94 -75 -55 73 
-94 -75 -43 61 
-94 -75 -39 57 
-94 -75 -12 30 
-94 -75 -8 26 
-94 -75 2 16 
-94 -70 -65 78 
-94 -70 -52 65 
-94 -70 -43 56 
-94 -70 -39 52 
-94 -70 -35 48 
-94 -69 -65 77 
-94 -69 -52 64 
-94 -69 -45 57 
-94 -69 -40 52 
-94 -69 -33 45 
-94 -69 -24 36 
-94 -69 -14 26 
-94 -69 -4 16 
-94 -69 2 10 
-94 -65 -41 49 
-94 -65 -40 48 
-94 -65 -35 43 
-94 -65 -28 36 
-94 -65 -8 16 
-94 -65 4 4 
-94 -62 -52 57 
-94 -62 -43 48 
-94 -62 -40 45 
-94 -62 -33 38 
-94 -62 -5 10 
-94 -55 -45 43 
-94 -55 -40 38 
-94 -55 -33 31 
-94 -55 -28 26 
-94 -55 -12 10 
-94 -55 -6 4 
-94 -55 -4 2 
-94 -52 -43 38 
-94 -52 -41 36 
-94 -52 -40 35 
-94 -52 -35 30 
-94 -45 -43 31 
-94 -45 -28 16 
-94 -45 -14 2 
-94 -45 -8 -4 
-94 -45 -6 -6 
-94 -43 -40 26 
-94 -43 -24 10 
-94 -43 -8 -6 
-94 -41 -12 -4 
-94 -40 -33 16 
-94 -40 -12 -5 
-94 -39 -33 15 
-94 -39 -28 10 
-94 -39 -14 -4 
-94 -39 -12 -6 
-94 -35 -24 2 
-94 -35 -14 -8 
-94 -33 -28 4 
-94 -28 -24 -5 
-88 -84 -77 98 
-88 -84 -70 91 
-88 -84 -52 73 
-88 -84 -43 64 
-88 -84 -40 61 
-88 -84 -35 56 
-88 -84 -28 49 
-88 -84 -24 45 
-88 -84 -14 35 
-88 -84 -5 26 
-88 -77 -70 84 
-88 -77 -43 57 
-88 -77 -35 49 
-88 -77 -24 38 
-88 -77 -12 26 
-88 -77 4 10 
-88 -75 -65 77 
-88 -75 -52 64 
-88 -75 -45 57 
-88 -75 -40 52 
-88 -75 -33 45 
-88 -75 -24 36 
-88 -75 -14 26 
-88 -75 -4 16 
-88 -75 2 10 
-88 -70 -45 52 
-88 -70 -41 48 
-88 -70 -28 35 
-88 -70 -24 31 
-88 -70 -8 15 
-88 -69 -65 71 
-88 -69 -55 61 
-88 -69 -43 49 
-88 -69 -39 45 
-88 -69 -24 30 
-88 -69 -4 10 
-88 -69 2 4 
-88 -65 -62 64 
-88 -65 -55 57 
-88 -65 -43 45 
-88 -65 -41 43 
-88 -65 -33 35 
-88 -65 -28 30 
-88 -65 -24 26 
-88 -65 -14 16 
-88 -65 -8 10 
-88 -62 -39 38 
-88 -62 -5 4 
-88 -55 -43 35 
-88 -55 -39 31 
-88 -55 -24 16 
-88 -55 -12 4 
-88 -52 -41 30 
-88 -52 -6 -5 
-88 -45 -33 15 
-88 -45 -28 10 
-88 -45 -14 -4 
-88 -45 -12 -6 
-88 -43 -35 15 
-88 -43 -24 4 
-88 -43 -14 -6 
-88 -43 -12 -8 
-88 -41 -24 2 
-88 -41 -14 -8 
-88 -40 -39 16 
-88 -40 -33 10 
-88 -39 -28 4 
-88 -35 -24 -4 
-88 -35 -14 -14 
-88 -33 -24 -6 
-84 -77 -55 65 
-84 -77 -39 49 
-84 -77 -35 45 
-84 -77 -33 43 
-84 -77 -28 38 
-84 -77 -6 16 
-84 -77 -5 15 
-84 -75 -70 78 
-84 -75 -69 77 
-84 -75 -65 73 
-84 -75 -41 49 
-84 -75 -40 48 
-84 -75 -35 43 
-84 -75 -28 36 
-84 -75 -8 16 
-84 -75 4 4 
-84 -70 -62 65 
-84 -70 -45 48 
-84 -70 -40 43 
-84 -70 -35 38 
-84 -70 -33 36 
-84 -70 -28 31 
-84 -70 -12 15 
-84 -69 -69 71 
-84 -69 -62 64 
-84 -69 -55 57 
-84 -69 -43 45 
-84 -69 -41 43 
-84 -69 -33 35 
-84 -69 -28 30 
-84 -69 -24 26 
-84 -69 -14 16 
-84 -69 -8 10 
-84 -65 -45 43 
-84 -65 -40 38 
-84 -65 -33 31 
-84 -65 -28 26 
-84 -65 -12 10 
-84 -65 -6 4 
-84 -65 -4 2 
-84 -62 -43 38 
-84 -62 -41 36 
-84 -62 -40 35 
-84 -62 -35 30 
-84 -55 -43 31 
-84 -55 -28 16 
-84 -55 -14 2 
-84 -55 -8 -4 
-84 -55 -6 -6 
-84 -52 -45 30 
-84 -52 -41 26 
-84 -45 -24 2 
-84 -45 -14 -8 
-84 -43 -40 16 
-84 -43 -39 15 
-84 -43 -28 4 
-84 -41 -28 2 
-84 -41 -14 -12 
-84 -39 -24 -4 
-84 -39 -14 -14 
-84 -35 -28 -4 
-84 -35 -24 -8 
-84 -33 -28 -6 
-77 -75 -70 71 
-77 -75 -55 56 
-77 -75 -35 36 
-77 -75 -14 15 
-77 -70 -69 65 
-77 -70 -65 61 
-77 -70 -52 48 
-77 -70 -40 36 
-77 -70 -39 35 
-77 -70 -35 31 
-77 -70 -14 10 
-77 -70 -8 4 
-77 -70 -6 2 
-77 -69 -69 64 
-77 -69 -62 57 
-77 -69 -43 38 
-77 -69 -41 36 
-77 -69 -40 35 
-77 -69 -35 30 
-77 -65 -52 43 
-77 -65 -45 36 
-77 -65 -40 31 
-77 -65 -39 30 
-77 -65 -35 26 
-77 -65 -24 15 
-77 -65 -5 -4 
-77 -62 -55 43 
-77 -62 -43 31 
-77 -62 -28 16 
-77 -62 -14 2 
-77 -62 -8 -4 
-77 -62 -6 -6 
-77 -55 -45 26 
-77 -55 -35 16 
-77 -55 -14 -5 
-77 -52 -52 30 
-77 -52 -24 2 
-77 -52 -14 -8 
-77 -45 -39 10 
-77 -45 -33 4 
-77 -45 -24 -5 
-77 -43 -41 10 
-77 -43 -35 4 
-77 -43 -33 2 
-77 -41 -35 2 
-77 -41 -28 -5 
-77 -40 -28 -6 
-77 -35 -33 -6 
-75 -70 -62 56 
-75 -70 -55 49 
-75 -70 -41 35 
-75 -70 -8 2 
-75 -69 -55 48 
-75 -69 -52 45 
-75 -69 -45 38 
-75 -69 -43 36 
-75 -69 -33 26 
-75 -65 -41 30 
-75 -65 -6 -5 
-75 -62 -52 38 
-75 -62 -45 31 
-75 -62 -40 26 
-75 -62 -24 10 
-75 -62 -8 -6 
-75 -55 -52 31 
-75 -52 -40 16 
-75 -52 -39 15 
-75 -52 -28 4 
-75 -45 -41 10 
-75 -45 -35 4 
-75 -45 -33 2 
-75 -43 -35 2 
-75 -43 -28 -5 
-75 -41 -39 4 
-75 -40 -28 -8 
-75 -40 -24 -12 
-75 -39 -33 -4 
-75 -35 -33 -8 
-70 -69 -69 57 
-70 -69 -55 43 
-70 -69 -43 31 
-70 -69 -28 16 
-70 -69 -14 2 
-70 -69 -8 -4 
-70 -69 -6 -6 
-70 -65 -52 36 
-70 -65 -12 -4 
-70 -62 -55 36 
-70 -62 -45 26 
-70 -62 -35 16 
-70 -62 -14 -5 
-70 -55 -52 26 
-70 -55 -41 15 
-70 -55 -28 2 
-70 -55 -14 -12 
-70 -52 -45 16 
-70 -52 -39 10 
-70 -52 -33 4 
-70 -52 -24 -5 
-70 -45 -40 4 
-70 -45 -28 -8 
-70 -45 -24 -12 
-70 -43 -40 2 
-70 -43 -33 -5 
-70 -43 -24 -14 
-70 -41 -35 -5 
-70 -41 -28 -12 
-70 -40 -35 -6 
-70 -40 -33 -8 
-70 -39 -28 -14 
-69 -69 -65 52 
-69 -69 -62 49 
-69 -69 -43 30 
-69 -69 -39 26 
-69 -69 -28 15 
-69 -69 -8 -5 
-69 -65 -62 45 
-69 -65 -55 38 
-69 -65 -52 35 
-69 -65 -43 26 
-69 -65 -33 16 
-69 -65 -12 -5 
-69 -62 -55 35 
-69 -62 -35 15 
-69 -62 -24 4 
-69 -62 -14 -6 
-69 -62 -12 -8 
-69 -55 -43 16 
-69 -52 -45 15 
-69 -52 -40 10 
-69 -52 -24 -6 
-69 -45 -41 4 
-69 -45 -39 2 
-69 -45 -33 -4 
-69 -43 -41 2 
-69 -43 -35 -4 
-69 -43 -33 -6 
-69 -41 -35 -6 
-69 -41 -33 -8 
-69 -40 -28 -14 
-69 -39 -35 -8 
-69 -35 -33 -14 
-65 -62 -55 31 
-65 -62 -40 16 
-65 -62 -39 15 
-65 -62 -28 4 
-65 -55 -41 10 
-65 -55 -35 4 
-65 -55 -33 2 
-65 -52 -28 -6 
-65 -45 -43 2 
-65 -45 -35 -6 
-65 -45 -33 -8 
-65 -43 -39 -4 
-65 -43 -35 -8 
-65 -41 -40 -5 
-65 -41 -39 -6 
-65 -41 -33 -12 
-65 -39 -35 -12 
-65 -39 -33 -14 
-62 -55 -28 -6 
-62 -52 -52 15 
-62 -52 -41 4 
-62 -52 -39 2 
-62 -52 -33 -4 
-62 -45 -40 -4 
-62 -45 -39 -5 
-62 -43 -41 -5 
-62 -43 -40 -6 
-62 -41 -40 -8 
-62 -40 -35 -14 
-62 -33 -28 -28 
-55 -52 -40 -4 
-55 -52 -39 -5 
-55 -45 -43 -8 
-55 -45 -39 -12 
-55 -43 -41 -12 
-55 -43 -39 -14 
-55 -40 -28 -28 
-55 -39 -33 -24 
-55 -35 -33 -28 
-52 -52 -43 -4 
-52 -52 -41 -6 
-52 -52 -39 -8 
-52 -52 -35 -12 
-52 -52 -33 -14 
-52 -45 -40 -14 
-52 -43 -28 -28 
-52 -40 -35 -24 
-45 -43 -39 -24 
-45 -43 -35 -28 
-43 -41 -39 -28 
-43 -40 -35 -33 
